2,3
368,631,44
0,1,0
2,3
366,625,44
0,1,0
2,3
368,629,44
0,1,0
2,3
367,636,39
0,1,0
2,1
367
0
2,5
367,634,234,126,35
0,1,0,1,1
2,3
367,624,44
0,1,0
2,2
368,254
0,1
2,3
367,629,44
0,1,0
2,3
367,634,44
0,1,0
2,1
366
0
2,1
366
0
2,5
368,628,234,126,35
0,1,0,1,1
2,3
366,626,39
0,1,0
2,5
367,625,50,198,280
0,1,0,1,0
2,5
366,628,234,149,97
0,1,0,1,0
2,2
366,253
0,1
2,1
368
0
2,5
367,634,234,126,98
0,1,0,1,0
2,5
49,381,166,59,405
0,1,0,1,0
2,5
49,388,166,59,405
0,1,0,1,0
2,5
49,381,166,59,405
0,1,0,1,0
2,1
49
0
2,5
366,657,50,126,282
0,1,0,1,0
2,5
49,381,166,65,405
0,1,0,1,0
2,5
49,388,166,59,405
0,1,0,1,0
2,5
49,381,166,59,405
0,1,0,1,0
2,5
49,381,166,59,405
0,1,0,1,0
2,5
49,381,166,59,405
0,1,0,1,0
2,5
49,381,166,59,405
0,1,0,1,0
2,5
367,656,234,125,98
0,1,0,1,0
2,5
49,381,166,59,405
0,1,0,1,0
2,3
49,388,166
0,1,0
2,5
49,388,166,59,405
0,1,0,1,0
2,2
367,38
0,1
2,3
49,381,166
0,1,0
2,2
366,252
0,1
2,5
367,629,234,126,35
0,1,0,1,1
2,3
368,627,39
0,1,0
2,1
366
0
2,5
367,634,423,198,96
0,1,0,1,0
2,3
366,630,39
0,1,0
2,5
367,631,240,161,723
0,1,0,1,0
2,3
368,634,39
0,1,0
2,1
367
0
2,5
365,622,240,144,53
0,1,0,1,1
2,3
368,627,44
0,1,0
2,3
367,629,39
0,1,0
2,1
367
0
2,5
366,630,270,127,35
0,1,0,1,1
2,5
365,625,240,179,55
0,1,0,1,1
2,3
369,630,39
0,1,0
2,5
368,629,240,195,6205
0,1,0,1,0
2,5
367,620,240,139,55
0,1,0,1,1
2,1
367
0
2,2
369,632
0,1
2,5
368,626,240,126,35
0,1,0,1,1
2,5
366,631,240,140,31
0,1,0,1,1
2,1
368
0
2,5
365,625,240,139,55
0,1,0,1,1
2,3
365,624,39
0,1,0
2,1
369
0
2,5
366,627,240,126,35
0,1,0,1,1
2,3
366,627,39
0,1,0
2,5
368,632,50,126,190
0,1,0,1,0
2,5
367,635,240,126,34
0,1,0,1,1
2,3
367,633,39
0,1,0
2,2
367,247
0,1
2,5
367,628,240,161,686
0,1,0,1,0
2,3
365,622,39
0,1,0
2,3
368,632,39
0,1,0
2,1
367
0
2,1
366
0
2,2
367,240
0,1
2,3
366,635,39
0,1,0
2,5
367,627,359,126,34
0,1,0,1,1
2,5
367,624,50,140,190
0,1,0,1,0
2,5
367,630,359,186,6235
0,1,0,1,0
2,5
367,629,240,126,53
0,1,0,1,0
2,3
366,734,39
0,1,0
2,5
368,632,240,140,32
0,1,0,1,1
2,5
367,632,390,152,669
0,1,0,1,0
2,2
365,250
0,1
2,5
367,629,271,183,6229
0,1,0,1,0
2,5
367,634,240,104,21
0,1,0,1,1
2,3
366,623,39
0,1,0
2,1
367
0
2,5
368,631,240,126,35
0,1,0,1,1
2,2
368,258
0,1
2,3
366,629,39
0,1,0
2,5
368,637,50,140,221
0,1,0,1,0
2,1
367
0
2,5
366,631,390,152,681
0,1,0,1,0
2,2
368,251
0,1
2,1
367
0
2,2
366,630
0,1
2,1
369
0
2,5
366,627,240,127,34
0,1,0,1,1
2,3
366,623,39
0,1,0
2,5
368,626,240,153,682
0,1,0,1,0
2,5
367,630,240,179,53
0,1,0,1,0
2,1
367
0
2,5
366,627,240,198,53
0,1,0,1,0
2,3
368,631,39
0,1,0
2,5
367,637,240,127,35
0,1,0,1,1
2,3
368,631,39
0,1,0
2,5
364,623,389,161,680
0,1,0,1,0
2,3
366,625,39
0,1,0
2,1
366
0
2,5
367,628,240,126,35
0,1,0,1,1
2,5
368,633,50,126,190
0,1,0,1,0
2,4
367,623,359,127
0,1,0,1
2,3
368,623,44
0,1,0
2,3
366,627,44
0,1,0
2,5
368,629,240,126,34
0,1,0,1,1
2,5
366,631,240,126,35
0,1,0,1,1
2,5
368,627,240,126,35
0,1,0,1,1
2,1
367
0
2,3
368,633,44
0,1,0
2,2
366,246
0,1
2,3
367,621,44
0,1,0
2,3
368,623,44
0,1,0
2,5
368,627,240,180,31
0,1,0,1,1
2,5
366,627,240,127,52
0,1,0,1,0
2,1
367
0
2,5
367,629,240,126,59
0,1,0,1,0
2,3
368,630,44
0,1,0
2,1
363
0
2,3
366,629,44
0,1,0
2,1
367
0
2,3
368,637,39
0,1,0
2,1
368
0
2,5
367,627,359,127,35
0,1,0,1,1
2,5
366,632,359,126,35
0,1,0,1,1
2,5
364,621,50,126,309
0,1,0,1,0
2,3
367,626,44
0,1,0
2,3
366,623,44
0,1,0
2,3
368,632,44
0,1,0
2,5
368,632,240,139,32
0,1,0,1,1
2,3
368,630,39
0,1,0
2,1
367
0
2,1
368
0
2,5
367,628,240,126,53
0,1,0,1,0
2,5
367,625,240,161,671
0,1,0,1,0
2,3
368,619,44
0,1,0
2,1
368
0
2,1
366
0
2,1
364
0
2,3
367,625,39
0,1,0
2,1
367
0
2,5
367,627,240,179,54
0,1,0,1,1
2,5
367,632,50,126,243
0,1,0,1,0
2,5
365,627,240,84,59
0,1,0,1,0
2,3
369,641,39
0,1,0
2,1
367
0
2,5
367,628,234,198,123
0,1,0,1,0
2,1
979
0
